383
79
47
169
217
276
159
271
287
238
414
301
73
344
54
257
286
421
262
143
273
112
129
348
141
418
66
3
377
68
116
371
181
170
326
5
379
173
342
267
410
391
363
266
111
119
263
106
194
94
405
310
417
327
195
135
404
272
390
431
324
188
304
294
168
7
298
39
264
269
110
82
387
313
201
121
314
260
360
89
43
330
199
18
212
438
350
117
107
180
343
122
1
231
236
292
146
381
398
167
16
374
302
265
270
402
407
311
319
160
87
308
429
322
345
155
60
23
228
198
153
328
98
423
152
2
61
178
42
329
225
209
185
245
62
134
197
190
256
385
282
80
224
323
93
435
138
131
163
400
100
200
426
204
22
95
248
202
125
126
127
220
41
147
71
244
70
26
115
290
406
72
251
258
123
88
375
309
333
312
11
85
114
226
139
9
8
222
411
392
91
338
196
59
279
64
28
164
205
243
230
145
44
171
296
325
427
366
137
154
357
206
416
99
291
57
367
183
25
19
409
349
13
419
396
133
424
108
297
151
75
104
67
52
45
382
186
415
172
261
86
386
21
305
428
331
65
334
221
341
193
69
216
149
233
56
278
4
103
370
436
92
83
182
105
74
277
17
250
275
218
6
380
187
307
58
102
316
210
10
394
358
347
259
50
166
184
49
388
403
157
90
355
364
389
207
148
124
161
432
378
303
191
285
339
213
255
120
208
359
408
356
299
240
283
242
300
351
51
369
84
15
177
128
306
373
317
434
78
268
368
12
211
320
336
237
0
150
425
162
96
109
227
280
176
241
37
393
376
361
284
395
